
	 | 0 | 1 | 2 | 3 | 4 | 5 | 6 | 7 | 8 | 9 
	 ---------------------------------------- 	
	0| 0 | 0 | 1 | 0 | 1 | 0 | 0 | 0 | 0 | 1
	1| 1 | 0 | 1 | 1 | 0 | 0 | 0 | 0 | 0 | 0
	2| 0 | 0 | 0 | 0 | 1 | 1 | 1 | 0 | 0 | 0
	3| 0 | 1 | 1 | 0 | 0 | 0 | 1 | 0 | 0 | 0
	4| 0 | 0 | 1 | 0 | 0 | 1 | 0 | 0 | 1 | 0
	5| 1 | 0 | 0 | 0 | 1 | 0 | 0 | 1 | 0 | 0
	6| 0 | 0 | 0 | 0 | 0 | 1 | 0 | 0 | 1 | 1
	7| 1 | 1 | 0 | 0 | 0 | 0 | 0 | 0 | 0 | 1
	8| 0 | 0 | 0 | 0 | 1 | 0 | 0 | 1 | 0 | 1
	9| 0 | 1 | 0 | 1 | 0 | 0 | 1 | 0 | 0 | 0


8-9-6-5-7-1-3
60-10-30-50-80-70
400-300-700-200-500-100-800